3,2
3,1
3,3
10,87
10,225
10,239
10,313
10,287
10,137
10,123
10,255
10,2
10,3
9,5
9,7
8,4
8,18
8,16
8,14
8,2
30,3
30,2
30,1
30,0
29,3
29,2
29,1
29,0
28,4
28,3
28,2
28,1
28,0
27,4
27,3
27,2
27,1
27,0
26,3
26,2
26,1
20,2
20,1
12,3
20,3
12,2
12,1
11,30
11,29
11,28
11,27
11,26
11,25
11,24
11,23
11,22
11,21
11,20
11,19
11,18
11,17
11,16
11,15
19,2
19,1
11,14
11,13
11,12
11,11
11,10
11,9
11,8
11,7
11,6
11,5
11,4
11,3
19,3
11,2
11,1
10,301
10,299
10,298
10,297
10,294
10,292
10,286
10,282
10,281
10,277
10,275
10,271
10,263
10,262
10,257
10,254
